      -1          -4.483 -20.390   6.924  -1.948
      -1          -3.615 -23.849   5.923  -2.126
      -1          -0.285 -25.614   6.726  -2.029
      -1          -2.802 -25.134   6.546  -2.240
      -1          -5.198 -23.251   7.260  -1.974
     0.5          -4.316  -8.028   2.489   6.990
     0.5          -2.017  -9.202   2.552   6.767
     0.5          -5.598  -8.329   1.812   6.941
     0.5          -2.195  -7.637   2.255   7.053
     0.5          -4.008  -7.112   2.872   7.146
       1          -1.022  -0.800   1.841   3.804
       1          -1.381  -0.536   2.653   3.836
       1          -3.696  -1.768   1.980   3.985
       1          -4.125  -4.300   2.516   3.865
       1          -3.481  -3.119   2.113   3.884
       2          -2.469   4.010   4.623   2.653
       2          -3.657   9.874   4.962   2.507
       2          -3.061   6.860   3.937   2.387
       2          -1.847   5.725   5.824   2.291
       2          -1.753   6.783   5.757   2.885
       3          -5.706  17.246   9.922   1.995
       3          -0.779  16.351  10.046   2.113
       3          -3.212  14.296  10.991   2.073
       3          -2.138  16.850  10.470   1.850
       3          -2.059  17.739  10.702   1.865
